simple_rnn/simple_rnn_cell/kernel:0
(1, 80)
[[-0.12352441  0.07698733 -0.15046766 -0.01793274 -0.05642585  0.05998566
   0.16282102 -0.02773947  0.02363832 -0.09466375  0.18218172 -0.1800241
  -0.10418426 -0.15089226 -0.17393476 -0.06073682 -0.22008732 -0.07477432
   0.06333065 -0.1151429  -0.10168405 -0.06138882 -0.08811889 -0.10855699
   0.22177447  0.04953908 -0.05249014  0.13047914  0.15111658  0.1102646
  -0.16334915  0.15286225  0.17074528  0.15467408  0.1621013   0.10229246
   0.06333634  0.0607531  -0.0277796  -0.11562614  0.15389708  0.12460637
   0.09960638  0.06359792  0.19677573  0.19722646  0.06281016  0.05220303
  -0.12610522 -0.13155617 -0.1571453   0.09151776 -0.15937972 -0.1737677
   0.16459966  0.21738191  0.16157953  0.1481807   0.02312773 -0.23310474
  -0.16732264 -0.04352711  0.11138374  0.02005241  0.0159387  -0.17284773
  -0.08827972 -0.12213615  0.03552666 -0.19286661 -0.04460249  0.19285877
  -0.10822602 -0.01618605  0.1589931  -0.13511454 -0.08418356 -0.12259568
   0.09017464 -0.01506525]]
simple_rnn/simple_rnn_cell/recurrent_kernel:0
(80, 80)
[[ 0.1724688   0.1662368   0.02349331 ...  0.1737612  -0.1050489
  -0.07527222]
 [-0.09267555 -0.02222706  0.11199646 ...  0.00350701 -0.07166512
   0.17472677]
 [-0.10706712 -0.01399635  0.03346423 ...  0.18768711  0.00774899
   0.03460621]
 ...
 [-0.07415789 -0.0997176   0.00742356 ... -0.06963001 -0.05736954
  -0.09920437]
 [-0.06217853 -0.09636005  0.02426887 ... -0.1252905   0.0770443
   0.10741527]
 [-0.09107847 -0.0440093  -0.13602903 ... -0.19607472  0.02046307
   0.03604517]]
simple_rnn/simple_rnn_cell/bias:0
(80,)
[ 0.01973659 -0.01180615  0.02317617  0.00067348  0.00888535 -0.01043732
 -0.02106034  0.00309855  0.0046244   0.02679236 -0.03021533  0.02959021
  0.01950676  0.02344378  0.03916386  0.00983181  0.02557915  0.00570269
 -0.01213814  0.015349    0.01704917  0.012622    0.01276251  0.02382583
 -0.03220974 -0.00585558  0.01671128 -0.03005854 -0.03384423 -0.02124407
  0.02326268 -0.02590278 -0.02242425 -0.02781836 -0.02796878 -0.03793777
 -0.01017727 -0.0036651   0.00184662  0.02003559 -0.01921327 -0.02621708
 -0.03010726 -0.02048003 -0.03194703 -0.0305459  -0.00999562 -0.00324095
  0.00895456  0.02768191  0.02549772 -0.02004001  0.01118641  0.03692974
 -0.03718657 -0.03797103 -0.0421919  -0.01717946  0.0037824   0.02412338
  0.02453702  0.0052156  -0.00677025  0.006689   -0.00325583  0.02950203
  0.02279269  0.03077465 -0.01352525  0.03723883  0.02116979 -0.03198973
  0.01429747 -0.01228397 -0.02785307  0.02820133  0.02436907  0.00869702
 -0.01078821 -0.00188791]
simple_rnn_1/simple_rnn_cell_1/kernel:0
(80, 100)
[[-0.145584    0.14831524  0.13816394 ... -0.17220101  0.01902689
   0.11266296]
 [-0.04858282 -0.06550507 -0.11434905 ...  0.13374105  0.10755717
   0.02937141]
 [-0.00493822  0.03859273  0.15280592 ...  0.06148246  0.03772484
  -0.10931984]
 ...
 [-0.04532116  0.00623556  0.04116543 ...  0.04159057 -0.06229869
  -0.02114888]
 [-0.14239809  0.01312387 -0.01912489 ...  0.03387896 -0.11211542
  -0.12931424]
 [-0.001304    0.14659224 -0.00464163 ... -0.03081195  0.06547447
   0.08936766]]
simple_rnn_1/simple_rnn_cell_1/recurrent_kernel:0
(100, 100)
[[ 0.03720933 -0.02195478 -0.04953479 ...  0.16404028 -0.02704109
   0.13341476]
 [-0.07851613 -0.04442153  0.01040659 ... -0.0030063  -0.1561207
   0.02503884]
 [ 0.00866389  0.00451747 -0.02804839 ... -0.18396486 -0.09665074
  -0.10967131]
 ...
 [-0.06567241  0.0927695   0.09813704 ...  0.00302156  0.04130535
   0.08665399]
 [-0.08008574 -0.03744634  0.05510093 ... -0.07245182 -0.05161934
  -0.02435801]
 [-0.09208152 -0.01209954 -0.07717218 ... -0.07913244 -0.19546384
   0.07912979]]
simple_rnn_1/simple_rnn_cell_1/bias:0
(100,)
[-0.00336635  0.00122128  0.01188298  0.00236709 -0.01070298  0.00704028
  0.00547237 -0.00023066  0.01149425  0.01303017  0.00398822 -0.01020003
 -0.0364213   0.0103233   0.00433936 -0.00210534 -0.02379559  0.01121961
 -0.0167764   0.00977751 -0.01361078  0.00107318  0.01203968  0.00672479
 -0.00033795 -0.01349461 -0.00771947  0.01698925 -0.01318709 -0.02614003
  0.01550203 -0.02415498  0.00979881  0.01296068 -0.00947669 -0.0001928
  0.00941387  0.01164137  0.01049674  0.01607999  0.00384222 -0.00725695
 -0.0175686  -0.00145741 -0.00132507 -0.01392776  0.00533369  0.02033052
 -0.01655973  0.0143974  -0.01606004  0.02384304 -0.0290019   0.00079007
 -0.00061466 -0.01493116 -0.0043188   0.01397866  0.00617914  0.00446139
 -0.00378914  0.021191   -0.01000784 -0.01239324 -0.01079352  0.02290097
  0.01291786 -0.00860795 -0.0152498  -0.00392495 -0.00401325  0.00112096
 -0.03324181 -0.0006      0.01019431 -0.00605397  0.02048337 -0.00212959
 -0.01629357  0.0308811  -0.00695408 -0.01444979 -0.00173169  0.0099063
  0.00101834  0.0098693   0.0205928   0.00252137 -0.01390719 -0.01649368
 -0.01051678 -0.00839032 -0.00768321  0.00740732  0.02175365  0.01930088
 -0.02525097  0.00613172  0.02829283 -0.00906754]
dense/kernel:0
(100, 1)
[[ 0.05884061]
 [ 0.05032856]
 [ 0.08566442]
 [-0.03498329]
 [-0.10610499]
 [ 0.07871658]
 [-0.17827475]
 [ 0.06245998]
 [ 0.00858148]
 [ 0.07155422]
 [ 0.08860891]
 [-0.19237995]
 [-0.09225544]
 [-0.16142371]
 [ 0.18050627]
 [ 0.0556061 ]
 [-0.09328818]
 [ 0.14352171]
 [-0.05729979]
 [ 0.15363134]
 [-0.19024912]
 [-0.00108417]
 [ 0.17841408]
 [ 0.08463189]
 [ 0.0485631 ]
 [-0.14528894]
 [-0.08786901]
 [ 0.12071341]
 [-0.11274905]
 [-0.12242264]
 [ 0.07575303]
 [-0.08889445]
 [ 0.09970606]
 [ 0.16239044]
 [-0.04906879]
 [ 0.07216041]
 [ 0.03187784]
 [ 0.04880942]
 [ 0.2059647 ]
 [ 0.16059761]
 [ 0.07663719]
 [-0.17941971]
 [-0.0891302 ]
 [ 0.1505787 ]
 [ 0.08237222]
 [-0.17619343]
 [ 0.08102315]
 [ 0.09465377]
 [-0.05468408]
 [ 0.14189209]
 [-0.08295541]
 [ 0.05261715]
 [-0.09774844]
 [ 0.06676705]
 [ 0.11603067]
 [ 0.14742422]
 [-0.12751874]
 [ 0.02424782]
 [ 0.02877062]
 [ 0.17777227]
 [ 0.06632962]
 [ 0.06603231]
 [-0.15135086]
 [-0.13361731]
 [-0.02063038]
 [ 0.15195923]
 [ 0.13333657]
 [-0.18538192]
 [-0.07282703]
 [-0.06001201]
 [-0.08896542]
 [-0.0551735 ]
 [-0.13115771]
 [ 0.02123349]
 [ 0.03545807]
 [-0.15723854]
 [ 0.14465928]
 [-0.05090624]
 [-0.20156513]
 [ 0.1075815 ]
 [ 0.0854777 ]
 [-0.06745416]
 [-0.06318829]
 [ 0.03459781]
 [-0.15406175]
 [ 0.14518517]
 [ 0.12155934]
 [ 0.01300678]
 [-0.18095015]
 [-0.14889562]
 [-0.17232242]
 [ 0.17038748]
 [-0.08382316]
 [ 0.05657351]
 [ 0.13925484]
 [ 0.09867814]
 [-0.09163694]
 [ 0.15119432]
 [ 0.15625504]
 [-0.07871033]]
dense/bias:0
(1,)
[0.08557092]
